Name1	Name2	Connection
王成	李纨	7
贾演	贾敷	2
王荣	李贵	8
李贵	秦业	4
空空道人	渺渺真人	1
空空道人	茫茫大士	1
渺渺真人	茫茫大士	1
空空道人	王仁	1
王成	贾芹	1
神瑛侍者	贾珠	1
神瑛侍者	警幻仙子	1
鸳鸯	王成	16
王荣	贾演	3
王荣	王夫人	7
贾演	王夫人	3
贾政	林如海	3
贾兰	林如海	1
秦业	林如海	1
史鼎	秦钟	2
智通	王信	2
智通	贾环	1
王信	贾环	2
王荣	史鼎	3
王荣	秦钟	16
贾敷	贾敬	1
贾敷	贾代化	1
贾敬	贾代化	2
贾蓉	贾珍	58
王荣	贾政	8
王荣	贾代善	1
王荣	贾赦	8
贾政	贾代善	2
贾政	贾赦	18
贾代善	贾赦	2
贾政	王夫人	20
贾代善	王夫人	1
贾赦	王夫人	14
李公子	贾政	2
李公子	贾珠	2
李公子	王夫人	1
贾政	贾珠	4
贾珠	王夫人	7
贾宝玉	李公子	8
傅试	贾政	8
王成	王仁	2
贾敬	贾芝	1
李贵	王荣	5
贾元春	贾政	2
贾惜春	贾探春	21
贾惜春	贾珍	2
贾惜春	贾赦	1
贾惜春	贾迎春	20
贾惜春	贾政	2
贾探春	贾珍	1
贾探春	贾赦	1
贾探春	贾迎春	17
贾探春	贾政	2
贾珍	贾赦	16
贾珍	贾迎春	1
贾珍	贾政	12
贾赦	贾迎春	1
贾赦	贾政	11
贾迎春	贾政	2
贾赦	贾敏	1
贾赦	李贵	1
贾赦	王荣	1
王夫人	贾敏	1
王夫人	李贵	2
王夫人	王荣	2
王夫人	贾政	9
贾敏	李贵	1
贾敏	王荣	1
贾敏	贾政	1
李贵	贾政	8
玉儿	王成	1
玉儿	贾政	1
玉儿	贾赦	1
王成	贾政	9
王成	贾赦	1
贾琏	王夫人	19
贾琏	贾赦	17
贾琏	贾政	11
王夫人	贾赦	1
王荣	林如海	2
贾赦	林如海	1
王信	林如海	2
王荣	林黛玉	6
林黛玉	林如海	2
贾政	史太君	1
史太君	贾赦	1
林黛玉	贾珠	5
林黛玉	贾效	2
翡翠	贾珠	1
贾琏	林黛玉	9
王熙凤	贾琏	1
王熙凤	林黛玉	1
王熙凤	贾赦	1
林黛玉	贾赦	3
林黛玉	王熙凤	4
李嬷嬷	林黛玉	11
林黛玉	王夫人	24
王荣	贾源	3
史鼎	玻璃	1
贾政	林黛玉	3
王熙凤	贾珠	1
王熙凤	王夫人	4
贾迎春	贾探春	11
贾迎春	贾惜春	5
贾探春	贾惜春	3
贾宝玉	林黛玉	231
贾宝玉	王成	54
贾宝玉	贾珠	16
王成	贾珠	2
贾宝玉	贾效	2
贾宝玉	李纨	20
贾效	李纨	1
王成	林黛玉	23
雪雁	林黛玉	7
雪雁	李嬷嬷	2
林黛玉	李嬷嬷	2
贾迎春	李嬷嬷	2
贾宝玉	袭人	190
贾宝玉	李嬷嬷	22
袭人	李嬷嬷	13
贾珠	袭人	1
贾珠	贾珍	9
袭人	贾珍	4
袭人	王成	12
王信	王熙凤	1
王信	王夫人	9
贾探春	林黛玉	34
贾探春	薛蟠	1
林黛玉	薛蟠	1
王信	王子腾	3
贾兰	贾珠	2
李守中	李纨	1
王荣	王成	3
李贵	王成	1
李贵	冯渊	1
王成	薛蟠	5
薛蟠	冯渊	2
王信	贾政	3
贾政	王子腾	2
李公子	冯渊	1
李公子	王成	3
李公子	薛蟠	1
王子腾	薛蟠	1
王子腾	王夫人	6
王子腾	王荣	1
王子腾	贾政	1
薛蟠	王夫人	5
薛蟠	王荣	1
薛蟠	贾政	3
薛宝钗	薛蟠	20
王荣	薛蟠	3
薛蟠	贾珍	10
薛蟠	贾赦	3
薛蟠	贾琏	3
贾珍	贾琏	11
贾赦	贾琏	6
贾迎春	薛宝钗	21
贾迎春	林黛玉	6
贾迎春	秦业	2
薛宝钗	林黛玉	94
薛宝钗	秦业	2
林黛玉	秦业	1
薛蟠	李纨	1
贾政	贾珍	8
贾惜春	贾宝玉	9
贾惜春	林黛玉	17
贾惜春	王荣	1
贾探春	贾宝玉	15
贾探春	王荣	1
贾宝玉	王荣	8
贾宝玉	贾迎春	11
林黛玉	王荣	1
林黛玉	贾迎春	14
王荣	贾迎春	1
尤氏	贾珍	27
尤氏	王夫人	32
贾珍	王夫人	16
王荣	贾芳	2
贾宝玉	贾芳	51
王狗	贾宝玉	3
王狗	袭人	2
王狗	晴雯	1
贾宝玉	晴雯	65
袭人	晴雯	47
贾兰	贾环	15
傅试	贾宝玉	8
李贵	贾宝玉	14
贾宝玉	贾兰	17
李公子	贾兰	2
贾琼	贾珠	1
贾芬	贾芳	3
李贵	贾珠	3
贾宝玉	李贵	5
贾宝玉	史鼎	3
王荣	贾珠	1
李贵	史鼎	1
史鼎	贾珠	2
贾芳	贾珠	3
痴梦仙姑	度恨菩提	1
痴梦仙姑	引愁金女	1
痴梦仙姑	秦钟	1
度恨菩提	引愁金女	1
度恨菩提	秦钟	1
引愁金女	秦钟	1
琥珀	玻璃	2
琥珀	贾琼	1
玻璃	贾琼	1
李贵	李纨	2
王荣	秦可卿	1
王狗	秦可卿	1
贾宝玉	秦可卿	1
袭人	秦可卿	1
王荣	贾宝玉	14
王荣	刘姥姥	3
王荣	傅试	2
贾宝玉	刘姥姥	7
贾宝玉	傅试	7
刘姥姥	傅试	1
袭人	傅试	1
王荣	贾葛	2
王成	秦业	7
王狗	王成	8
王狗	板儿	2
王狗	青儿	1
王狗	刘氏	3
板儿	青儿	1
板儿	刘氏	1
青儿	刘氏	1
王狗	刘姥姥	3
刘姥姥	刘氏	1
刘姥姥	王成	5
王狗	贾瑞	2
板儿	贾瑞	7
刘姥姥	板儿	14
王荣	板儿	1
刘姥姥	贾瑞	18
李贵	刘姥姥	2
板儿	贾琏	1
贾琏	贾瑞	4
平儿	刘姥姥	9
平儿	贾瑞	8
平儿	板儿	1
刘姥姥	秦钟	3
平儿	秦钟	2
贾蓉	玻璃	2
刘姥姥	王夫人	7
刘姥姥	贾宝玉	1
刘姥姥	贾琏	1
刘姥姥	王熙凤	1
王夫人	贾宝玉	14
王夫人	贾琏	2
王夫人	王熙凤	1
王夫人	贾瑞	2
王夫人	秦钟	1
贾宝玉	贾琏	16
贾宝玉	王熙凤	2
贾宝玉	贾瑞	9
贾宝玉	秦钟	49
贾琏	王熙凤	3
贾琏	秦钟	1
王熙凤	贾瑞	2
王熙凤	秦钟	1
贾瑞	秦钟	7
金钏	王夫人	11
贾瑞	王夫人	7
莺儿	薛宝钗	14
王成	薛宝钗	23
王成	贾瑞	4
薛宝钗	贾瑞	6
金钏	贾瑞	4
金钏	贾菱	2
贾菱	贾瑞	3
金钏	贾蓉	1
贾蓉	贾瑞	3
贾宝玉	王夫人	94
李纨	林黛玉	1
李纨	王夫人	12
司棋	贾探春	3
司棋	贾迎春	6
司棋	贾瑞	6
司棋	秦钟	1
贾探春	贾瑞	2
贾探春	秦钟	3
贾迎春	贾瑞	2
贾迎春	秦钟	1
贾惜春	贾瑞	2
贾惜春	智能	2
贾瑞	智能	4
贾惜春	入画	5
入画	智能	1
贾惜春	王信	1
贾瑞	王信	1
玻璃	李纨	2
丰儿	贾瑞	2
丰儿	平儿	6
贾宝玉	贾环	30
林黛玉	贾环	2
林黛玉	贾瑞	1
贾蓉	尤氏	24
贾宝玉	尤氏	6
尤氏	王成	3
贾蓉	王成	6
王狗	秦钟	1
王成	秦钟	6
李贵	秦钟	6
秦钟	秦业	5
尤氏	焦大	2
焦大	贾珍	3
贾蓉	焦大	1
王荣	秦业	3
王荣	焦大	1
秦业	焦大	1
秦业	李贵	1
焦大	李贵	1
贾宝玉	薛宝钗	98
尤氏	林黛玉	2
贾宝玉	王仁	3
贾宝玉	詹光	1
王仁	詹光	2
吴新登	戴良	1
吴新登	贾宝玉	2
戴良	贾宝玉	1
钱华	贾宝玉	1
薛宝钗	李纹	2
莺儿	贾宝玉	7
薛宝钗	贾宝玉	3
贾宝玉	王信	27
贾宝玉	贾珍	18
王信	贾珍	5
雪雁	紫鹃	9
林黛玉	紫鹃	21
晴雯	贾珍	1
贾宝玉	茜雪	3
贾敬	茜雪	1
袭人	秦钟	5
秦钟	王夫人	2
秦业	王夫人	4
贾蓉	贾葛	1
贾代儒	王成	1
贾代儒	秦钟	2
贾代儒	秦业	2
李贵	贾代儒	1
李贵	贾敬	2
贾代儒	贾敬	1
贾敬	秦钟	2
王信	秦业	2
袭人	贾政	4
袭人	王夫人	26
贾宝玉	麝月	46
晴雯	麝月	30
贾宝玉	贾政	71
李贵	贾萍	1
林黛玉	秦钟	3
贾代儒	薛蟠	1
贾代儒	王夫人	1
贾代儒	贾瑞	3
薛蟠	秦钟	1
王荣	贾瑞	12
秦钟	贾瑞	3
贾瑞	薛蟠	2
薛蟠	贾萍	2
贾蓉	贾蔷	5
贾珍	贾蔷	5
王荣	贾蓉	5
贾蓉	秦钟	3
茗烟	贾宝玉	23
贾宝玉	贾蔷	10
贾宝玉	茗烟	4
王荣	贾蔷	2
王荣	茗烟	4
贾蔷	茗烟	1
贾蔷	秦钟	1
茗烟	秦钟	3
茗烟	王信	3
茗烟	王荣	3
茗烟	贾蔷	1
王信	王荣	1
王信	贾蔷	1
茗烟	贾瑞	1
贾菌	贾兰	4
王荣	贾菌	1
茗烟	墨雨	1
茗烟	锄药	1
贾宝玉	墨雨	1
贾宝玉	锄药	3
墨雨	锄药	2
李贵	茗烟	4
李贵	贾瑞	5
贾瑞	茗烟	2
茗烟	贾璜	1
李贵	贾璜	1
李贵	王狗	1
贾宝玉	贾璜	2
贾宝玉	王狗	1
贾璜	王狗	1
贾宝玉	贾源	2
贾源	贾瑞	1
贾源	秦钟	1
胡氏	王成	1
胡氏	贾琏	1
王成	贾琏	10
王荣	贾璜	2
王荣	尤氏	6
贾璜	尤氏	1
贾璜	秦业	1
尤氏	秦业	1
贾璜	秦钟	1
秦钟	贾珍	3
尤氏	贾璜	1
尤氏	金氏	2
贾璜	贾珍	1
贾璜	金氏	1
贾珍	金氏	2
秦钟	金氏	1
贾蓉	王夫人	10
贾珍	王熙凤	2
贾珍	贾瑞	2
贾珍	贾敬	3
贾珍	贾蓉	6
王熙凤	贾敬	1
王熙凤	贾蓉	1
贾瑞	贾敬	1
贾瑞	贾蓉	2
贾敬	贾蓉	1
贾琏	贾蔷	5
王成	王夫人	8
尤氏	贾芳	3
贾芳	王夫人	5
贾宝玉	贾蓉	9
李婶娘	贾敬	1
贾蓉	贾芳	5
李贵	贾珍	8
李贵	王夫人	5
平儿	王夫人	7
平儿	王熙凤	2
贾瑞	王熙凤	1
贾瑞	贾珍	1
贾瑞	秦业	2
王信	贾瑞	3
贾瑞	贾蔷	4
贾蓉	贾琏	18
贾代儒	贾效	2
贾代儒	王荣	1
贾瑞	贾效	1
贾瑞	警幻仙子	1
傅试	贾瑞	1
王荣	贾珍	7
王信	林黛玉	4
平儿	贾琏	33
平儿	林黛玉	5
平儿	秦可卿	1
贾琏	秦可卿	1
林黛玉	秦可卿	1
王熙凤	秦可卿	1
贾代儒	贾代修	1
贾代儒	贾芝	1
贾代儒	贾敦	1
贾代儒	贾敕	1
贾代儒	贾菌	1
贾代儒	贾赦	1
贾代儒	贾珩	1
贾代儒	贾萍	1
贾代儒	贾璘	1
贾代儒	贾菖	1
贾代儒	贾芬	1
贾代儒	贾蘅	1
贾代儒	贾琛	1
贾代儒	贾芹	1
贾代儒	贾藻	1
贾代儒	贾兰	1
贾代儒	贾蓁	1
贾代儒	贾政	3
贾代儒	贾芳	1
贾代儒	贾琼	1
贾代儒	贾菱	1
贾代儒	贾芸	1
贾代儒	贾琮	1
贾代儒	贾蔷	1
贾代儒	贾珖	1
贾代修	贾芝	1
贾代修	贾敦	1
贾代修	贾敕	1
贾代修	贾菌	1
贾代修	贾赦	1
贾代修	贾珩	1
贾代修	贾萍	1
贾代修	贾璘	1
贾代修	贾菖	1
贾代修	贾芬	1
贾代修	贾蘅	1
贾代修	贾琛	1
贾代修	贾芹	1
贾代修	贾藻	1
贾代修	贾兰	1
贾代修	贾蓁	1
贾代修	贾政	1
贾代修	贾芳	1
贾代修	贾琼	1
贾代修	贾菱	1
贾代修	贾芸	1
贾代修	贾琮	1
贾代修	贾蔷	1
贾代修	贾珖	1
贾代修	贾效	1
贾芝	贾敦	1
贾芝	贾敕	1
贾芝	贾菌	1
贾芝	贾赦	1
贾芝	贾珩	1
贾芝	贾萍	1
贾芝	贾璘	1
贾芝	贾菖	1
贾芝	贾芬	1
贾芝	贾蘅	1
贾芝	贾琛	1
贾芝	贾芹	1
贾芝	贾藻	1
贾芝	贾兰	1
贾芝	贾蓁	1
贾芝	贾政	1
贾芝	贾芳	1
贾芝	贾琼	1
贾芝	贾菱	1
贾芝	贾芸	1
贾芝	贾琮	1
贾芝	贾蔷	1
贾芝	贾珖	1
贾芝	贾效	1
贾敦	贾敕	1
贾敦	贾菌	1
贾敦	贾赦	1
贾敦	贾珩	1
贾敦	贾萍	1
贾敦	贾璘	1
贾敦	贾菖	1
贾敦	贾芬	1
贾敦	贾蘅	1
贾敦	贾琛	1
贾敦	贾芹	1
贾敦	贾藻	1
贾敦	贾兰	1
贾敦	贾蓁	1
贾敦	贾政	1
贾敦	贾芳	1
贾敦	贾琼	1
贾敦	贾菱	1
贾敦	贾芸	1
贾敦	贾琮	1
贾敦	贾蔷	1
贾敦	贾珖	1
贾敦	贾效	1
贾敕	贾菌	1
贾敕	贾赦	1
贾敕	贾珩	1
贾敕	贾萍	1
贾敕	贾璘	1
贾敕	贾菖	1
贾敕	贾芬	1
贾敕	贾蘅	1
贾敕	贾琛	1
贾敕	贾芹	1
贾敕	贾藻	1
贾敕	贾兰	1
贾敕	贾蓁	1
贾敕	贾政	2
贾敕	贾芳	1
贾敕	贾琼	1
贾敕	贾菱	1
贾敕	贾芸	1
贾敕	贾琮	1
贾敕	贾蔷	1
贾敕	贾珖	1
贾敕	贾效	1
贾菌	贾赦	1
贾菌	贾珩	1
贾菌	贾萍	1
贾菌	贾璘	1
贾菌	贾菖	2
贾菌	贾芬	1
贾菌	贾蘅	1
贾菌	贾琛	1
贾菌	贾芹	2
贾菌	贾藻	1
贾菌	贾蓁	1
贾菌	贾政	1
贾菌	贾芳	1
贾菌	贾琼	1
贾菌	贾菱	2
贾菌	贾芸	2
贾菌	贾琮	1
贾菌	贾蔷	1
贾菌	贾珖	1
贾菌	贾效	1
贾赦	贾珩	1
贾赦	贾萍	2
贾赦	贾璘	1
贾赦	贾菖	2
贾赦	贾芬	1
贾赦	贾蘅	1
贾赦	贾琛	1
贾赦	贾芹	1
贾赦	贾藻	1
贾赦	贾兰	2
贾赦	贾蓁	1
贾赦	贾芳	1
贾赦	贾琼	1
贾赦	贾菱	1
贾赦	贾芸	2
贾赦	贾琮	2
贾赦	贾蔷	2
贾赦	贾珖	1
贾赦	贾效	3
贾珩	贾萍	1
贾珩	贾璘	1
贾珩	贾菖	2
贾珩	贾芬	1
贾珩	贾蘅	1
贾珩	贾琛	1
贾珩	贾芹	1
贾珩	贾藻	1
贾珩	贾兰	1
贾珩	贾蓁	1
贾珩	贾政	1
贾珩	贾芳	1
贾珩	贾琼	1
贾珩	贾菱	2
贾珩	贾芸	1
贾珩	贾琮	1
贾珩	贾蔷	1
贾珩	贾珖	2
贾珩	贾效	1
贾萍	贾璘	1
贾萍	贾菖	1
贾萍	贾芬	1
贾萍	贾蘅	1
贾萍	贾琛	1
贾萍	贾芹	1
贾萍	贾藻	1
贾萍	贾兰	1
贾萍	贾蓁	1
贾萍	贾政	3
贾萍	贾芳	1
贾萍	贾琼	1
贾萍	贾菱	1
贾萍	贾芸	1
贾萍	贾琮	1
贾萍	贾蔷	1
贾萍	贾珖	1
贾萍	贾效	1
贾璘	贾菖	1
贾璘	贾芬	1
贾璘	贾蘅	1
贾璘	贾琛	1
贾璘	贾芹	1
贾璘	贾藻	1
贾璘	贾兰	1
贾璘	贾蓁	1
贾璘	贾政	1
贾璘	贾芳	1
贾璘	贾琼	1
贾璘	贾菱	1
贾璘	贾芸	1
贾璘	贾琮	1
贾璘	贾蔷	1
贾璘	贾珖	1
贾璘	贾效	1
贾菖	贾芬	1
贾菖	贾蘅	1
贾菖	贾琛	1
贾菖	贾芹	1
贾菖	贾藻	1
贾菖	贾兰	1
贾菖	贾蓁	1
贾菖	贾政	1
贾菖	贾芳	1
贾菖	贾琼	1
贾菖	贾菱	1
贾菖	贾芸	1
贾菖	贾琮	1
贾菖	贾蔷	1
贾菖	贾珖	1
贾菖	贾效	1
贾芬	贾蘅	1
贾芬	贾琛	1
贾芬	贾芹	1
贾芬	贾藻	1
贾芬	贾兰	1
贾芬	贾蓁	1
贾芬	贾政	2
贾芬	贾琼	1
贾芬	贾菱	1
贾芬	贾芸	1
贾芬	贾琮	1
贾芬	贾蔷	1
贾芬	贾珖	1
贾芬	贾效	1
贾蘅	贾琛	1
贾蘅	贾芹	1
贾蘅	贾藻	1
贾蘅	贾兰	4
贾蘅	贾蓁	1
贾蘅	贾政	3
贾蘅	贾芳	3
贾蘅	贾琼	1
贾蘅	贾菱	3
贾蘅	贾芸	3
贾蘅	贾琮	1
贾蘅	贾蔷	1
贾蘅	贾珖	1
贾蘅	贾效	1
贾琛	贾芹	1
贾琛	贾藻	1
贾琛	贾兰	1
贾琛	贾蓁	1
贾琛	贾政	1
贾琛	贾芳	1
贾琛	贾琼	1
贾琛	贾菱	1
贾琛	贾芸	1
贾琛	贾琮	1
贾琛	贾蔷	2
贾琛	贾珖	1
贾琛	贾效	1
贾芹	贾藻	1
贾芹	贾兰	1
贾芹	贾蓁	1
贾芹	贾政	2
贾芹	贾芳	1
贾芹	贾琼	1
贾芹	贾菱	1
贾芹	贾芸	4
贾芹	贾琮	2
贾芹	贾蔷	1
贾芹	贾珖	1
贾芹	贾效	1
贾藻	贾兰	1
贾藻	贾蓁	1
贾藻	贾政	1
贾藻	贾芳	1
贾藻	贾琼	1
贾藻	贾菱	1
贾藻	贾芸	1
贾藻	贾琮	1
贾藻	贾蔷	1
贾藻	贾珖	1
贾藻	贾效	1
贾兰	贾蓁	1
贾兰	贾政	3
贾兰	贾芳	1
贾兰	贾琼	1
贾兰	贾菱	2
贾兰	贾芸	2
贾兰	贾琮	3
贾兰	贾蔷	1
贾兰	贾珖	1
贾兰	贾效	1
贾蓁	贾政	1
贾蓁	贾芳	1
贾蓁	贾琼	1
贾蓁	贾菱	1
贾蓁	贾芸	1
贾蓁	贾琮	1
贾蓁	贾蔷	1
贾蓁	贾珖	1
贾蓁	贾效	1
贾政	贾芳	1
贾政	贾琼	1
贾政	贾菱	1
贾政	贾芸	1
贾政	贾琮	1
贾政	贾蔷	1
贾政	贾珖	1
贾政	贾效	2
贾芳	贾琼	1
贾芳	贾菱	3
贾芳	贾芸	2
贾芳	贾琮	2
贾芳	贾蔷	3
贾芳	贾珖	1
贾芳	贾效	2
贾琼	贾菱	2
贾琼	贾芸	2
贾琼	贾琮	1
贾琼	贾蔷	2
贾琼	贾珖	1
贾琼	贾效	1
贾菱	贾芸	3
贾菱	贾琮	3
贾菱	贾蔷	2
贾菱	贾珖	1
贾菱	贾效	1
贾芸	贾琮	2
贾芸	贾蔷	1
贾芸	贾珖	1
贾芸	贾效	1
贾琮	贾蔷	1
贾琮	贾珖	1
贾琮	贾效	1
贾蔷	贾珖	1
贾蔷	贾效	1
贾珖	贾效	1
贾代儒	贾珍	1
秦业	尤氏	1
秦业	秦钟	3
秦业	贾珍	1
尤氏	秦钟	2
贾琼	贾琛	1
贾琼	贾珍	1
贾琼	贾璘	1
贾琛	贾珍	1
贾琛	贾璘	1
贾珍	贾璘	1
贾蔷	贾璘	1
贾敬	贾珍	4
贾瑞	贾珠	3
贾芳	贾珍	3
戴权	贾珍	2
贾珍	贾代化	1
史鼎	王夫人	1
贾敬	秦业	2
王成	贾珍	6
贾宝玉	北静王	6
贾宝玉	林如海	1
北静王	贾琏	1
北静王	林如海	1
贾琏	林如海	2
王成	张材家的	1
昭儿	贾琏	1
昭儿	王信	1
平儿	昭儿	1
缮国公	王夫人	1
缮国公	贾迎春	1
缮国公	贾源	1
缮国公	王信	1
缮国公	王仁	1
王夫人	贾迎春	7
王夫人	贾源	1
王夫人	王信	2
王夫人	王仁	1
贾迎春	贾源	1
贾迎春	王信	2
贾迎春	王仁	1
贾源	王信	1
贾源	王仁	1
王信	王仁	1
牛清	缮国公	1
牛清	马魁	1
牛清	马尚	1
牛清	柳彪	1
牛清	牛继宗	1
牛清	侯孝康	1
牛清	陈翼	1
牛清	贾瑞	1
牛清	侯晓明	1
牛清	贾芳	1
牛清	贾珠	1
缮国公	马魁	1
缮国公	马尚	1
缮国公	柳彪	1
缮国公	牛继宗	1
缮国公	侯孝康	1
缮国公	陈翼	1
缮国公	贾瑞	1
缮国公	侯晓明	1
缮国公	贾芳	1
缮国公	贾珠	1
马魁	马尚	1
马魁	柳彪	1
马魁	牛继宗	1
马魁	侯孝康	1
马魁	陈翼	1
马魁	贾瑞	1
马魁	侯晓明	1
马魁	贾芳	1
马魁	贾珠	1
马尚	柳彪	1
马尚	牛继宗	1
马尚	侯孝康	1
马尚	陈翼	1
马尚	贾瑞	1
马尚	侯晓明	1
马尚	贾芳	1
马尚	贾珠	1
柳彪	牛继宗	1
柳彪	侯孝康	1
柳彪	陈翼	1
柳彪	贾瑞	1
柳彪	侯晓明	1
柳彪	贾芳	1
柳彪	贾珠	1
牛继宗	侯孝康	1
牛继宗	陈翼	1
牛继宗	贾瑞	1
牛继宗	侯晓明	1
牛继宗	贾芳	1
牛继宗	贾珠	1
侯孝康	陈翼	1
侯孝康	贾瑞	1
侯孝康	侯晓明	1
侯孝康	贾芳	1
侯孝康	贾珠	1
陈翼	贾瑞	1
陈翼	侯晓明	1
陈翼	贾芳	1
陈翼	贾珠	1
贾瑞	侯晓明	1
贾瑞	贾芳	1
侯晓明	贾芳	1
侯晓明	贾珠	1
蒋子宁	裘良	1
蒋子宁	史鼎	1
蒋子宁	谢鲸	1
蒋子宁	戚建辉	1
裘良	史鼎	1
裘良	谢鲸	1
裘良	戚建辉	1
史鼎	谢鲸	1
史鼎	戚建辉	1
谢鲸	戚建辉	1
李公子	冯紫英	1
冯紫英	贾兰	1
北静王	水溶	2
贾赦	贾珍	4
贾政	水溶	3
贾宝玉	水溶	5
傅试	水溶	1
秦业	水溶	1
秦钟	水溶	1
水溶	王夫人	1
贾珠	贾宝玉	1
贾珠	贾敬	1
贾珠	水溶	1
贾宝玉	贾敬	10
贾敬	水溶	1
贾珍	水溶	1
水溶	贾赦	2
贾蓉	贾赦	3
智能	贾宝玉	1
智能	净虚	2
智能	智善	1
智能	秦钟	1
贾宝玉	净虚	2
贾宝玉	智善	2
净虚	智善	1
净虚	秦钟	1
智善	秦钟	1
李公子	智能	1
李公子	净虚	1
贾宝玉	智能	4
秦钟	智能	10
王荣	智能	1
智善	智能	1
金哥	李公子	1
贾珍	净虚	1
来旺	贾琏	1
贾珍	贾珠	3
贾元春	贾藻	1
贾元春	秦钟	1
贾元春	贾宝玉	3
贾藻	秦钟	1
贾藻	贾宝玉	1
秦钟	贾宝玉	1
云光	王信	1
贾敕	贾敬	1
贾敕	夏守忠	1
贾政	贾敬	3
贾政	夏守忠	1
贾敬	夏守忠	1
尤氏	赖大	2
尤氏	贾迎春	1
尤氏	王信	1
尤氏	李纨	22
赖大	王夫人	3
赖大	贾迎春	1
赖大	王信	1
赖大	李纨	1
王夫人	李纨	8
贾迎春	李纨	9
王信	李纨	2
王信	赖大	1
王信	贾敬	1
赖大	贾敬	2
秦业	智能	1
王信	贾琏	8
王信	贾宝玉	6
贾琏	贾宝玉	2
林黛玉	贾宝玉	3
贾琏	王子腾	2
王子腾	林黛玉	1
贾元春	王信	1
贾迎春	贾宝玉	4
北静王	林黛玉	1
北静王	贾珍	1
林黛玉	贾珍	2
平儿	贾菱	9
贾琏	李嬷嬷	1
平儿	李嬷嬷	5
贾琏	贾珍	31
李贵	贾琏	3
李贵	皇帝	1
李贵	李嬷嬷	2
皇帝	李嬷嬷	1
皇帝	王夫人	1
李嬷嬷	王夫人	3
王仁	卜固修	1
王仁	贾蔷	1
卜固修	贾蔷	1
平儿	赵天栋	1
平儿	赵天梁	1
赵天栋	李嬷嬷	1
赵天栋	赵天梁	1
李嬷嬷	赵天梁	1
贾琏	贾敬	3
贾敬	贾蔷	1
王荣	贾敷	1
贾敷	贾赦	1
赖大	贾珍	3
赖大	贾赦	2
赖大	吴新登	2
赖大	贾琏	4
赖大	林之孝	1
赖大	程日兴	1
赖大	贾政	1
赖大	詹光	1
贾珍	吴新登	1
贾珍	林之孝	1
贾珍	程日兴	1
贾珍	詹光	1
贾赦	吴新登	1
贾赦	林之孝	1
贾赦	程日兴	1
贾赦	詹光	1
吴新登	贾琏	1
吴新登	林之孝	1
吴新登	程日兴	1
吴新登	贾政	1
吴新登	詹光	1
贾琏	林之孝	1
贾琏	程日兴	1
贾琏	詹光	1
林之孝	程日兴	1
林之孝	贾政	1
林之孝	詹光	1
程日兴	贾政	1
程日兴	詹光	2
贾政	詹光	1
贾珍	赖大	1
贾宝玉	秦业	7
贾政	秦钟	2
贾政	秦业	3
傅试	王荣	1
傅试	李贵	1
傅试	秦钟	1
傅试	秦业	2
傅试	贾敷	1
贾宝玉	贾敷	3
秦业	贾敷	1
秦业	贾政	1
贾敷	贾政	1
贾芳	贾政	3
李贵	傅试	2
贾宝玉	贾芹	1
贾宝玉	贾葛	1
贾芹	贾葛	1
贾政	贾葛	1
贾源	贾政	1
贾蘅	贾葛	3
贾蘅	贾芷	6
贾兰	贾葛	1
贾兰	贾芷	1
贾葛	贾芸	1
贾葛	贾芷	2
贾芸	贾芷	1
贾芳	贾兰	1
王成	贾兰	2
贾蘅	贾宝玉	3
贾蘅	贾芬	4
贾宝玉	贾芬	1
贾宝玉	贾芷	1
贾芬	贾芷	4
贾政	贾芷	1
贾芳	贾源	1
贾政	贾源	1
薛宝钗	王夫人	25
李贵	林之孝	1
妙玉	林之孝	1
贾演	贾蔷	3
贾蔷	王夫人	1
史鼎	薛蟠	1
薛蟠	贾珠	2
贾元春	昭容	1
李贵	彩缤	1
王成	玻璃	1
王成	贾荇	2
玻璃	贾荇	1
玻璃	贾珠	1
贾政	贾宝玉	1
王信	王成	6
傅试	王成	2
傅试	王信	1
王成	贾宝玉	3
王成	王信	3
昭容	贾政	1
昭容	贾赦	1
王荣	史太君	1
王荣	昭容	1
史太君	昭容	1
李纨	王熙凤	1
贾赦	昭容	1
贾政	贾瑞	2
李贵	尤氏	1
贾芬	贾葛	1
贾芳	贾荇	1
贾菱	贾荇	3
贾迎春	王成	2
王信	贾探春	2
贾芳	薛宝钗	4
贾芳	秦钟	2
贾芳	贾瑞	1
薛宝钗	秦钟	2
贾源	林黛玉	2
贾宝玉	贾蘅	2
贾芳	贾芷	1
贾元春	贾琼	1
贾元春	贾兰	1
贾琼	贾宝玉	2
贾琼	贾兰	1
龄官	贾演	1
龄官	贾蔷	6
李贵	龄官	1
贾敬	贾赦	4
贾蓉	贾环	1
贾琏	贾环	3
贾珍	贾环	5
贾琏	薛蟠	2
茗烟	王成	1
茗烟	袭人	3
茗烟	贾芳	4
袭人	贾芳	23
茗烟	李嬷嬷	1
王信	李嬷嬷	2
李嬷嬷	茜雪	2
贾宝玉	李纹	15
李纹	晴雯	7
袭人	王信	6
薛宝钗	王熙凤	1
袭人	林黛玉	25
薛宝钗	李嬷嬷	2
晴雯	鸳鸯	1
晴雯	李纹	3
晴雯	碧痕	2
晴雯	李绮	4
晴雯	琥珀	1
鸳鸯	李纹	1
鸳鸯	碧痕	1
鸳鸯	李绮	2
鸳鸯	琥珀	13
鸳鸯	麝月	2
李纹	碧痕	2
李纹	李绮	7
李纹	琥珀	1
李纹	麝月	19
碧痕	李绮	2
碧痕	琥珀	1
碧痕	麝月	5
李绮	琥珀	1
李绮	麝月	2
琥珀	麝月	2
袭人	麝月	33
莺儿	贾菱	3
莺儿	贾环	5
薛宝钗	贾菱	16
薛宝钗	贾环	4
贾菱	贾环	3
贾惜春	史湘云	8
贾惜春	贾元春	1
贾惜春	薛宝钗	13
贾探春	史湘云	13
贾探春	贾元春	1
贾探春	薛宝钗	42
史湘云	林黛玉	47
史湘云	贾迎春	7
史湘云	贾元春	1
史湘云	薛宝钗	15
林黛玉	贾元春	1
林黛玉	薛宝钗	27
贾迎春	贾元春	1
贾元春	薛宝钗	1
莺儿	赵姨娘	1
贾宝玉	赵姨娘	8
赵姨娘	贾环	9
王夫人	贾环	6
丰儿	贾迎春	1
丰儿	贾环	1
贾迎春	贾环	3
平儿	袭人	34
平儿	贾宝玉	11
平儿	史湘云	6
袭人	贾宝玉	11
袭人	贾琏	4
袭人	史湘云	17
贾宝玉	史湘云	54
贾琏	史湘云	1
云儿	史湘云	1
云儿	林黛玉	1
云儿	贾宝玉	2
史湘云	贾宝玉	1
薛宝钗	史湘云	33
翠缕	林黛玉	1
翠缕	紫鹃	6
贾宝玉	雪雁	6
贾宝玉	紫鹃	30
贾宝玉	翠缕	2
翠缕	史湘云	14
史湘云	贾珠	1
袭人	薛宝钗	29
薛宝钗	贾敬	1
贾宝玉	贾芸	17
贾宝玉	四儿	7
四儿	贾兰	1
贾宝玉	贾敏	4
四儿	贾敏	1
四儿	五儿	1
王荣	多官	1
王成	多官	1
多姑娘	贾琏	1
贾政	贾琏	2
贾宝玉	贾演	2
贾演	史湘云	1
贾演	李纨	1
史湘云	李纨	9
贾藻	薛宝钗	1
王信	史湘云	1
王成	史湘云	15
李贵	林黛玉	3
贾宝玉	贾探春	13
王夫人	林黛玉	7
王夫人	薛宝钗	8
王夫人	史湘云	3
林黛玉	史湘云	3
林黛玉	贾政	1
薛宝钗	贾政	1
史湘云	贾政	1
贾政	贾兰	3
贾政	贾环	5
贾政	史湘云	1
王成	贾菱	3
贾元春	贾探春	2
贾元春	贾芳	1
贾探春	贾芳	4
贾萍	贾蓉	2
贾萍	贾珍	1
贾蓉	贾政	3
文官	贾菱	2
文官	贾珍	1
文官	贾蔷	1
文官	贾菖	1
贾菱	贾珍	4
贾菱	贾菖	5
贾珍	贾菖	3
贾蔷	贾菖	1
贾政	周氏	1
贾政	贾芹	1
周氏	贾芹	1
五嫂子	贾琏	2
五嫂子	贾芸	2
贾琏	贾芸	9
贾琏	贾芹	3
周氏	贾琏	1
贾元春	贾敬	1
王荣	薛宝钗	1
王荣	夏守忠	1
贾宝玉	夏守忠	1
薛宝钗	夏守忠	1
夏守忠	贾政	1
夏守忠	王夫人	1
王夫人	金钏	2
王夫人	彩霞	2
王夫人	绣鸾	1
王夫人	彩云	2
王夫人	绣凤	1
金钏	贾宝玉	16
金钏	彩霞	2
金钏	绣鸾	1
金钏	彩云	4
金钏	绣凤	1
金钏	贾政	1
贾宝玉	彩霞	5
贾宝玉	绣鸾	1
贾宝玉	彩云	6
贾宝玉	绣凤	1
彩霞	绣鸾	1
彩霞	彩云	3
彩霞	绣凤	1
彩霞	贾政	1
绣鸾	彩云	1
绣鸾	绣凤	1
绣鸾	贾政	1
彩云	绣凤	1
彩云	贾政	1
绣凤	贾政	1
贾惜春	王夫人	6
贾惜春	贾环	3
贾探春	王夫人	11
贾探春	贾环	3
贾环	贾迎春	2
贾环	贾政	4
贾珍	贾宝玉	5
王夫人	贾珠	2
贾环	贾宝玉	4
贾环	贾珠	2
金钏	李嬷嬷	1
贾蘅	贾探春	4
贾蘅	贾惜春	1
贾蘅	林黛玉	3
贾蘅	贾迎春	1
贾蘅	薛宝钗	8
檀云	麝月	5
王荣	李公子	1
贾藻	林黛玉	1
贾演	林黛玉	1
贾菱	林黛玉	21
贾琏	紫鹃	1
鸳鸯	贾宝玉	15
鸳鸯	袭人	11
贾宝玉	贾琮	5
秦钟	贾琮	1
贾环	贾兰	4
贾环	王夫人	12
贾兰	王夫人	3
贾宝玉	贾赦	2
王荣	王仁	1
王荣	贾芸	1
王仁	贾芸	3
倪二	贾芸	8
倪二	王仁	1
王信	王短腿	1
王信	倪二	1
王信	贾芸	1
王仁	贾琏	1
贾芸	贾瑞	2
贾芸	贾敬	1
丰儿	贾芸	1
平儿	贾芸	1
贾宝玉	李绮	4
贾芸	李绮	2
扫花	引泉	1
扫花	锄药	1
扫花	伴鹤	1
引泉	锄药	1
引泉	伴鹤	1
锄药	伴鹤	1
北静王	贾芸	1
北静王	李绮	1
贾芸	方椿	1
李贵	李公子	1
北静王	王夫人	1
袭人	檀云	2
袭人	李纹	11
袭人	碧痕	1
檀云	李纹	3
檀云	碧痕	1
檀云	薛宝钗	1
李纹	薛宝钗	3
碧痕	薛宝钗	2
薛宝钗	麝月	1
碧痕	李纹	5
贾宝玉	小红	2
李纹	贾芸	1
小红	林黛玉	2
李嬷嬷	贾芸	1
金钏	玉钏	3
玉钏	彩云	5
彩霞	秦钟	1
王狗	彩霞	1
王狗	贾环	2
彩霞	贾环	5
彩霞	王夫人	2
贾环	赵姨娘	3
赵姨娘	王夫人	3
贾敷	林黛玉	1
王荣	马道婆	1
贾宝玉	马道婆	2
马道婆	赵姨娘	7
王成	赵姨娘	2
马道婆	贾环	1
赵姨娘	马道婆	1
赵姨娘	贾琏	1
马道婆	贾琏	1
王成	马道婆	1
周姨娘	贾宝玉	1
周姨娘	赵姨娘	5
林黛玉	李纨	13
贾宝玉	王子腾	2
薛蟠	贾芸	1
薛蟠	贾瑞	1
薛蟠	贾蓉	2
贾珍	贾芸	2
贾珍	贾萍	1
贾赦	贾瑞	1
贾赦	贾蓉	3
王夫人	贾芸	1
王夫人	贾萍	1
王夫人	贾蓉	3
贾琏	贾萍	1
贾琏	贾蓉	4
贾芸	贾萍	2
贾芸	贾蓉	2
贾芸	贾政	1
贾萍	贾瑞	1
贾瑞	贾政	1
贾菱	薛宝钗	8
贾菱	薛蟠	3
薛宝钗	贾珍	5
贾效	王夫人	1
贾芸	王夫人	2
贾政	赵姨娘	5
平儿	王信	3
平儿	薛宝钗	10
林黛玉	王信	1
王信	薛宝钗	8
贾宝玉	佳蕙	1
王成	李绮	1
贾芳	李嬷嬷	2
坠儿	贾芸	8
贾蘅	坠儿	1
坠儿	小红	1
小红	贾芸	1
贾演	贾兰	1
袭人	紫鹃	13
笑儿	林黛玉	2
贾宝玉	薛蟠	15
程日兴	薛蟠	1
胡斯来	程日兴	1
胡斯来	王仁	1
胡斯来	詹光	1
程日兴	王仁	1
贾宝玉	冯紫英	1
贾宝玉	冯唐	1
冯紫英	冯唐	1
王信	袭人	9
碧痕	晴雯	1
碧痕	林黛玉	1
薛宝钗	晴雯	1
晴雯	林黛玉	5
贾惜春	贾菱	4
贾惜春	巧姐	2
贾惜春	李纨	8
贾探春	贾菱	5
贾探春	巧姐	1
贾探春	李纨	40
贾菱	贾迎春	3
贾菱	巧姐	1
贾菱	李纨	3
林黛玉	巧姐	1
贾迎春	巧姐	2
巧姐	薛宝钗	2
巧姐	李纨	1
薛宝钗	李纨	24
薛宝钗	贾芸	1
王狗	薛宝钗	2
坠儿	薛宝钗	3
王信	坠儿	1
文官	司棋	1
文官	侍书	1
司棋	侍书	2
司棋	贾菱	2
侍书	贾菱	1
入画	晴雯	2
入画	莺儿	3
入画	碧痕	1
入画	李绮	1
入画	麝月	1
晴雯	莺儿	2
莺儿	碧痕	1
莺儿	李绮	1
莺儿	麝月	1
袭人	贾环	6
袭人	赵姨娘	7
袭人	贾探春	4
贾环	贾探春	1
赵姨娘	贾探春	1
晴雯	贾宝玉	5
晴雯	蒋玉菡	1
晴雯	薛宝钗	3
贾宝玉	蒋玉菡	3
蒋玉菡	林黛玉	1
蒋玉菡	薛宝钗	1
傅试	袭人	1
傅试	贾菱	1
傅试	林黛玉	6
傅试	薛宝钗	2
袭人	贾菱	6
鲍太医	林黛玉	1
鲍太医	王夫人	1
贾珠	李贵	2
贾惜春	王成	4
贾探春	王成	15
贾宝玉	双寿	1
锄药	双寿	1
锄药	贾瑞	1
双寿	贾瑞	1
云儿	蒋玉菡	2
云儿	薛蟠	4
蒋玉菡	薛蟠	2
云儿	冯紫英	2
云儿	贾敬	1
冯紫英	贾敬	1
蒋玉菡	冯紫英	2
贾宝玉	贾菱	19
王信	薛蟠	4
袭人	薛蟠	4
冯紫英	薛蟠	1
坠儿	贾宝玉	1
坠儿	袭人	1
李贵	袭人	3
贾蓉	贾珠	1
贾元春	王夫人	1
贾惜春	贾珠	2
贾探春	贾珠	1
贾迎春	贾珠	2
薛宝钗	贾珠	3
同喜	彩云	1
同喜	彩屏	1
同喜	琥珀	1
同喜	贾惜春	1
同喜	入画	1
同喜	平儿	1
同喜	王夫人	2
同喜	鸳鸯	1
同喜	莺儿	1
同喜	贾迎春	1
同喜	小红	1
同喜	李嬷嬷	1
同喜	巧姐	1
同喜	薛宝钗	1
同喜	贾珠	1
同喜	臻儿	1
同喜	雪雁	1
同喜	贾珍	1
同喜	鹦鹉	1
同喜	文杏	1
同喜	金钏	1
同喜	紫鹃	1
同喜	春纤	1
同喜	司棋	1
同喜	贾探春	1
同喜	贾菱	1
同喜	丰儿	1
同喜	林黛玉	1
同喜	素云	1
同喜	李贵	1
同喜	翠墨	1
彩云	彩屏	1
彩云	琥珀	3
彩云	贾惜春	1
彩云	入画	1
彩云	平儿	1
彩云	王夫人	2
彩云	鸳鸯	1
彩云	莺儿	1
彩云	贾迎春	1
彩云	小红	1
彩云	李嬷嬷	1
彩云	巧姐	1
彩云	薛宝钗	1
彩云	贾珠	1
彩云	臻儿	1
彩云	雪雁	1
彩云	贾珍	1
彩云	鹦鹉	1
彩云	文杏	1
彩云	金钏	1
彩云	紫鹃	1
彩云	春纤	1
彩云	司棋	1
彩云	贾探春	1
彩云	贾菱	1
彩云	丰儿	1
彩云	林黛玉	1
彩云	素云	1
彩云	李贵	1
彩云	翠墨	1
彩屏	琥珀	1
彩屏	贾惜春	1
彩屏	入画	1
彩屏	平儿	1
彩屏	王夫人	1
彩屏	鸳鸯	1
彩屏	莺儿	1
彩屏	贾迎春	1
彩屏	小红	1
彩屏	李嬷嬷	1
彩屏	巧姐	1
彩屏	薛宝钗	1
彩屏	贾珠	1
彩屏	臻儿	1
彩屏	雪雁	1
彩屏	贾珍	1
彩屏	鹦鹉	1
彩屏	文杏	1
彩屏	金钏	1
彩屏	紫鹃	1
彩屏	春纤	1
彩屏	司棋	1
彩屏	贾探春	1
彩屏	贾菱	1
彩屏	丰儿	1
彩屏	林黛玉	1
彩屏	素云	1
彩屏	李贵	1
彩屏	翠墨	1
琥珀	贾惜春	1
琥珀	入画	1
琥珀	平儿	3
琥珀	王夫人	3
琥珀	鸳鸯	1
琥珀	莺儿	1
琥珀	贾迎春	1
琥珀	小红	1
琥珀	李嬷嬷	1
琥珀	巧姐	1
琥珀	薛宝钗	1
琥珀	贾珠	1
琥珀	臻儿	1
琥珀	雪雁	1
琥珀	贾珍	1
琥珀	鹦鹉	1
琥珀	文杏	1
琥珀	金钏	1
琥珀	紫鹃	3
琥珀	春纤	1
琥珀	司棋	1
琥珀	贾探春	1
琥珀	贾菱	1
琥珀	丰儿	1
琥珀	林黛玉	2
琥珀	素云	1
琥珀	李贵	1
琥珀	翠墨	1
贾惜春	平儿	1
贾惜春	鸳鸯	1
贾惜春	莺儿	1
贾惜春	小红	1
贾惜春	李嬷嬷	1
贾惜春	臻儿	1
贾惜春	雪雁	1
贾惜春	鹦鹉	1
贾惜春	文杏	1
贾惜春	金钏	1
贾惜春	紫鹃	1
贾惜春	春纤	1
贾惜春	司棋	1
贾惜春	丰儿	1
贾惜春	素云	1
贾惜春	李贵	1
贾惜春	翠墨	2
入画	平儿	1
入画	王夫人	1
入画	鸳鸯	1
入画	贾迎春	2
入画	小红	1
入画	李嬷嬷	1
入画	巧姐	2
入画	薛宝钗	2
入画	贾珠	1
入画	臻儿	1
入画	雪雁	1
入画	贾珍	2
入画	鹦鹉	1
入画	文杏	1
入画	金钏	1
入画	紫鹃	2
入画	春纤	1
入画	司棋	1
入画	贾探春	1
入画	贾菱	1
入画	丰儿	1
入画	林黛玉	1
入画	素云	1
入画	李贵	1
入画	翠墨	3
平儿	鸳鸯	4
平儿	莺儿	3
平儿	贾迎春	2
平儿	小红	2
平儿	巧姐	1
平儿	贾珠	2
平儿	臻儿	1
平儿	雪雁	1
平儿	贾珍	1
平儿	鹦鹉	1
平儿	文杏	1
平儿	金钏	3
平儿	紫鹃	2
平儿	春纤	1
平儿	司棋	1
平儿	贾探春	14
平儿	丰儿	1
平儿	素云	3
平儿	李贵	1
平儿	翠墨	2
王夫人	鸳鸯	4
王夫人	莺儿	1
王夫人	小红	1
王夫人	李嬷嬷	1
王夫人	巧姐	1
王夫人	臻儿	1
王夫人	雪雁	1
王夫人	贾珍	1
王夫人	鹦鹉	1
王夫人	文杏	1
王夫人	紫鹃	3
王夫人	春纤	1
王夫人	司棋	1
王夫人	贾探春	1
王夫人	贾菱	1
王夫人	丰儿	1
王夫人	素云	1
王夫人	翠墨	1
鸳鸯	莺儿	1
鸳鸯	贾迎春	3
鸳鸯	小红	1
鸳鸯	李嬷嬷	1
鸳鸯	巧姐	1
鸳鸯	薛宝钗	1
鸳鸯	贾珠	1
鸳鸯	臻儿	1
鸳鸯	雪雁	1
鸳鸯	贾珍	1
鸳鸯	鹦鹉	1
鸳鸯	文杏	1
鸳鸯	金钏	3
鸳鸯	紫鹃	3
鸳鸯	春纤	1
鸳鸯	司棋	7
鸳鸯	贾探春	4
鸳鸯	贾菱	1
鸳鸯	丰儿	1
鸳鸯	林黛玉	2
鸳鸯	素云	3
鸳鸯	李贵	2
鸳鸯	翠墨	2
莺儿	贾迎春	1
莺儿	小红	1
莺儿	李嬷嬷	1
莺儿	巧姐	1
莺儿	贾珠	1
莺儿	臻儿	1
莺儿	雪雁	1
莺儿	贾珍	1
莺儿	鹦鹉	1
莺儿	文杏	2
莺儿	金钏	1
莺儿	紫鹃	5
莺儿	春纤	1
莺儿	司棋	1
莺儿	贾探春	1
莺儿	丰儿	1
莺儿	林黛玉	4
莺儿	素云	2
莺儿	李贵	1
莺儿	翠墨	2
贾迎春	小红	1
贾迎春	臻儿	1
贾迎春	雪雁	1
贾迎春	贾珍	1
贾迎春	鹦鹉	1
贾迎春	文杏	1
贾迎春	金钏	1
贾迎春	紫鹃	1
贾迎春	春纤	1
贾迎春	司棋	4
贾迎春	贾菱	1
贾迎春	丰儿	1
贾迎春	素云	1
贾迎春	李贵	1
贾迎春	翠墨	2
小红	李嬷嬷	1
小红	巧姐	1
小红	薛宝钗	1
小红	贾珠	1
小红	臻儿	1
小红	雪雁	1
小红	贾珍	1
小红	鹦鹉	1
小红	文杏	1
小红	金钏	1
小红	紫鹃	1
小红	春纤	1
小红	司棋	1
小红	贾探春	1
小红	贾菱	1
小红	丰儿	1
小红	素云	1
小红	李贵	1
小红	翠墨	1
李嬷嬷	巧姐	1
李嬷嬷	薛宝钗	2
李嬷嬷	贾珠	2
李嬷嬷	臻儿	1
李嬷嬷	雪雁	1
李嬷嬷	贾珍	1
李嬷嬷	鹦鹉	1
李嬷嬷	文杏	1
李嬷嬷	金钏	1
李嬷嬷	紫鹃	3
李嬷嬷	春纤	1
李嬷嬷	司棋	1
李嬷嬷	贾探春	1
李嬷嬷	贾菱	1
李嬷嬷	丰儿	1
李嬷嬷	素云	1
李嬷嬷	李贵	1
李嬷嬷	翠墨	1
巧姐	贾珠	1
巧姐	臻儿	1
巧姐	雪雁	1
巧姐	贾珍	1
巧姐	鹦鹉	1
巧姐	文杏	1
巧姐	金钏	1
巧姐	紫鹃	1
巧姐	春纤	1
巧姐	司棋	1
巧姐	贾探春	1
巧姐	贾菱	1
巧姐	丰儿	1
巧姐	林黛玉	1
巧姐	素云	1
巧姐	李贵	1
巧姐	翠墨	1
薛宝钗	臻儿	1
薛宝钗	雪雁	1
薛宝钗	鹦鹉	1
薛宝钗	文杏	1
薛宝钗	金钏	1
薛宝钗	紫鹃	3
薛宝钗	春纤	1
薛宝钗	司棋	1
薛宝钗	贾探春	1
薛宝钗	丰儿	1
薛宝钗	素云	1
薛宝钗	李贵	1
薛宝钗	翠墨	1
贾珠	臻儿	1
贾珠	雪雁	1
贾珠	鹦鹉	1
贾珠	文杏	1
贾珠	金钏	1
贾珠	紫鹃	1
贾珠	春纤	1
贾珠	司棋	1
贾珠	贾探春	1
贾珠	贾菱	1
贾珠	丰儿	1
贾珠	林黛玉	1
贾珠	素云	1
贾珠	翠墨	1
臻儿	雪雁	1
臻儿	贾珍	1
臻儿	鹦鹉	1
臻儿	文杏	1
臻儿	金钏	1
臻儿	紫鹃	1
臻儿	春纤	1
臻儿	司棋	1
臻儿	贾探春	1
臻儿	贾菱	2
臻儿	丰儿	1
臻儿	林黛玉	1
臻儿	素云	1
臻儿	李贵	1
臻儿	翠墨	1
雪雁	贾珍	1
雪雁	鹦鹉	1
雪雁	文杏	1
雪雁	金钏	1
雪雁	春纤	1
雪雁	司棋	1
雪雁	贾探春	1
雪雁	贾菱	2
雪雁	丰儿	1
雪雁	素云	1
雪雁	李贵	1
雪雁	翠墨	1
贾珍	鹦鹉	1
贾珍	文杏	1
贾珍	金钏	1
贾珍	紫鹃	1
贾珍	春纤	1
贾珍	司棋	1
贾珍	贾探春	1
贾珍	贾菱	1
贾珍	丰儿	1
贾珍	林黛玉	1
贾珍	素云	1
贾珍	李贵	1
贾珍	翠墨	1
鹦鹉	文杏	1
鹦鹉	金钏	1
鹦鹉	紫鹃	1
鹦鹉	春纤	1
鹦鹉	司棋	1
鹦鹉	贾探春	1
鹦鹉	贾菱	1
鹦鹉	丰儿	1
鹦鹉	林黛玉	1
鹦鹉	素云	1
鹦鹉	李贵	1
鹦鹉	翠墨	1
文杏	金钏	1
文杏	紫鹃	1
文杏	春纤	1
文杏	司棋	1
文杏	贾探春	1
文杏	贾菱	1
文杏	丰儿	1
文杏	林黛玉	1
文杏	素云	1
文杏	李贵	1
文杏	翠墨	1
金钏	紫鹃	2
金钏	春纤	1
金钏	司棋	1
金钏	贾探春	1
金钏	丰儿	1
金钏	林黛玉	2
金钏	素云	2
金钏	李贵	1
金钏	翠墨	2
紫鹃	春纤	1
紫鹃	司棋	1
紫鹃	贾探春	1
紫鹃	贾菱	1
紫鹃	丰儿	1
紫鹃	林黛玉	2
紫鹃	素云	1
紫鹃	李贵	1
紫鹃	翠墨	3
春纤	司棋	1
春纤	贾探春	1
春纤	贾菱	1
春纤	丰儿	1
春纤	林黛玉	1
春纤	素云	1
春纤	李贵	1
春纤	翠墨	1
司棋	丰儿	1
司棋	林黛玉	1
司棋	素云	1
司棋	李贵	1
司棋	翠墨	2
贾探春	丰儿	1
贾探春	素云	1
贾探春	李贵	1
贾探春	翠墨	3
贾菱	丰儿	1
贾菱	素云	2
贾菱	李贵	1
贾菱	翠墨	1
丰儿	林黛玉	1
丰儿	素云	1
丰儿	李贵	1
丰儿	翠墨	1
林黛玉	素云	1
林黛玉	李贵	1
林黛玉	翠墨	2
素云	李贵	1
素云	翠墨	2
李贵	翠墨	1
林之孝	贾珍	1
贾琼	贾芹	1
贾琼	贾璜	1
贾琼	贾萍	1
贾芹	贾璜	1
贾芹	贾萍	1
贾璜	贾芸	1
贾璜	贾萍	1
张道士	贾珍	4
王荣	张道士	1
贾宝玉	张道士	3
张道士	秦业	1
贾璜	贾珠	1
张道士	贾敬	1
张道士	林黛玉	1
林黛玉	张道士	1
贾宝玉	龄官	1
林黛玉	贾蔷	1
林黛玉	龄官	1
贾蔷	龄官	1
贾蔷	薛宝钗	1
龄官	薛宝钗	1
薛宝钗	靛儿	2
贾宝玉	靛儿	1
林黛玉	靛儿	1
金钏	贾环	2
彩云	贾环	6
玉钏	王夫人	6
金钏	王仁	1
王仁	王夫人	2
王成	贾效	2
王成	贾蔷	1
贾宝玉	笑儿	2
贾敷	王仁	1
碧痕	袭人	1
袭人	佳蕙	1
史湘云	王夫人	2
薛宝钗	周奶娘	2
贾宝玉	周奶娘	1
史湘云	周奶娘	1
史湘云	王信	3
鸳鸯	平儿	17
袭人	金钏	2
王信	翠缕	1
王成	翠缕	1
史湘云	贾蔷	2
鸳鸯	贾环	2
金钏	袭人	2
金钏	薛宝钗	1
贾政	王信	1
贾迎春	王熙凤	1
贾迎春	王夫人	13
史湘云	贾菱	4
贾敷	袭人	3
贾敷	薛宝钗	1
金钏	蒋玉菡	1
吴新登	贾瑞	1
贾瑞	贾宝玉	2
晴雯	檀云	1
袭人	彩云	2
李贵	玻璃	1
袭人	玻璃	1
玻璃	王夫人	1
王成	晴雯	8
薛蟠	贾宝玉	1
薛蟠	王信	1
薛蟠	薛宝钗	1
玉钏	薛宝钗	2
玉钏	林黛玉	2
周姨娘	王夫人	2
贾菱	史湘云	12
贾宝玉	玉钏	10
莺儿	喜儿	1
莺儿	玉钏	4
玉钏	贾宝玉	2
莺儿	袭人	4
金钏	莺儿	1
贾宝玉	莺儿	10
玉钏	莺儿	1
玉钏	秦业	2
王信	玉钏	2
傅试	李嬷嬷	1
傅试	贾琼	1
傅试	贾敬	2
傅试	贾芳	2
贾琼	贾敬	1
贾琼	贾芳	1
贾敬	贾芳	1
李贵	贾芳	2
莺儿	坠儿	1
李纹	林黛玉	2
鸳鸯	贾芸	1
鸳鸯	王夫人	13
贾琼	秦钟	1
林黛玉	贾敬	2
金钏	贾敬	1
平儿	贾敬	1
佳蕙	晴雯	1
佳蕙	麝月	1
周姨娘	袭人	1
薛宝钗	王信	2
文官	贾宝玉	2
文官	王仁	1
龄官	贾宝玉	8
李婶娘	薛宝钗	1
翠墨	薛宝钗	1
傅试	贾探春	2
贾蘅	李纨	5
贾宝玉	侍书	1
李公子	李纨	3
贾宝玉	翠墨	1
袭人	翠墨	3
王成	李纹	2
王成	麝月	9
贾探春	李纹	5
贾蘅	史湘云	4
贾菱	贾蓉	2
贾菱	贾兰	1
贾蓉	贾兰	2
贾蓉	史湘云	1
贾兰	史湘云	1
周姨娘	史湘云	1
史湘云	赵姨娘	2
平儿	彩霞	3
平儿	彩云	2
平儿	琥珀	3
鸳鸯	彩霞	4
鸳鸯	史湘云	3
鸳鸯	彩云	2
彩霞	史湘云	1
彩霞	琥珀	3
史湘云	彩云	1
史湘云	琥珀	1
琥珀	彩霞	1
司棋	袭人	1
司棋	入画	3
司棋	莺儿	2
司棋	紫鹃	2
袭人	入画	1
袭人	莺儿	1
袭人	侍书	1
入画	侍书	1
莺儿	侍书	1
紫鹃	侍书	1
翠墨	侍书	1
傅试	李公子	1
薛宝钗	贾葛	1
王成	贾葛	1
薛宝钗	笑儿	2
王信	平儿	1
平儿	笑儿	2
袭人	史鼎	1
刘姥姥	张材家的	1
板儿	张材家的	1
张材家的	贾瑞	2
刘姥姥	贾珠	2
鸳鸯	刘姥姥	16
茗烟	刘姥姥	1
鸳鸯	史太君	1
贾宝玉	史太君	1
贾宝玉	琥珀	1
史太君	琥珀	1
丰儿	刘姥姥	1
丰儿	板儿	1
贾惜春	刘姥姥	1
刘姥姥	林黛玉	2
鸳鸯	李纨	4
贾探春	琥珀	1
琥珀	李纨	1
鸳鸯	笑儿	2
刘姥姥	笑儿	3
贾迎春	刘姥姥	1
板儿	李嬷嬷	1
刘姥姥	李纨	2
李纨	素云	1
玉钏	刘姥姥	1
玉钏	鸳鸯	3
玉钏	李纨	1
刘姥姥	鸳鸯	1
鸳鸯	史鼎	1
文官	贾演	2
鸳鸯	秦钟	1
薛宝钗	贾荇	1
丰儿	鸳鸯	1
王成	贾菌	1
妙玉	王成	2
妙玉	秦钟	1
妙玉	贾宝玉	10
妙玉	薛宝钗	4
妙玉	林黛玉	6
妙玉	薛蟠	1
妙玉	贾环	1
薛蟠	贾环	1
文官	王信	1
文官	王夫人	1
刘姥姥	金彩	1
贾珠	金彩	2
袭人	刘姥姥	2
李纨	薛宝钗	3
鸳鸯	贾敬	2
鸳鸯	王信	3
贾探春	刘姥姥	1
贾惜春	笑儿	1
王狗	林黛玉	1
贾敬	王夫人	4
贾宝玉	赖大	3
秦业	李纨	1
袭人	彩霞	2
林之孝	尤氏	5
王信	尤氏	5
鸳鸯	尤氏	2
袭人	北静王	1
茗烟	贾芸	1
平儿	贾演	1
贾演	贾宝玉	1
贾源	薛宝钗	1
王信	秦钟	1
尤氏	贾敬	3
赖大	李嬷嬷	3
李嬷嬷	贾敬	2
鲍二家的	平儿	4
鲍二家的	贾琏	3
平儿	尤氏	5
平儿	李纨	7
贾宝玉	平儿	8
王狗	平儿	2
平儿	王成	4
林之孝	王成	3
林之孝	贾琏	6
平儿	贾兰	1
李公子	李嬷嬷	1
李嬷嬷	李纨	1
赖大	张材家的	1
赖大	贾瑞	3
赖大	贾芝	1
李嬷嬷	贾芝	1
贾瑞	李嬷嬷	1
贾宝玉	贾惜春	1
薛宝钗	贾效	1
贾宝玉	玻璃	6
玻璃	林黛玉	1
平儿	玉钏	4
平儿	翠缕	1
平儿	茜雪	1
平儿	麝月	4
袭人	玉钏	1
袭人	鸳鸯	2
袭人	翠缕	1
袭人	素云	2
袭人	茜雪	1
袭人	琥珀	1
玉钏	金钏	1
玉钏	彩霞	2
玉钏	翠缕	1
玉钏	素云	1
玉钏	紫鹃	1
玉钏	翠墨	1
玉钏	茜雪	1
玉钏	琥珀	2
玉钏	麝月	1
鸳鸯	翠缕	1
鸳鸯	茜雪	1
金钏	翠缕	1
金钏	茜雪	1
金钏	琥珀	1
金钏	麝月	1
彩霞	翠缕	1
彩霞	素云	1
彩霞	紫鹃	1
彩霞	翠墨	1
彩霞	茜雪	1
彩霞	麝月	1
翠缕	素云	1
翠缕	翠墨	2
翠缕	茜雪	1
翠缕	琥珀	1
翠缕	麝月	1
素云	紫鹃	1
素云	茜雪	1
素云	琥珀	1
素云	麝月	2
紫鹃	茜雪	1
紫鹃	琥珀	1
紫鹃	麝月	1
翠墨	茜雪	1
翠墨	琥珀	1
翠墨	麝月	1
茜雪	琥珀	1
茜雪	麝月	1
鸳鸯	金彩	1
金彩	王夫人	1
金文翔	王夫人	1
贾琏	金彩	2
贾赦	金彩	1
王信	金彩	1
金文翔	贾琏	1
金文翔	贾赦	2
鸳鸯	贾赦	1
贾宝玉	皇帝	1
王成	皇帝	1
鸳鸯	鲍二家的	1
柳湘莲	薛蟠	6
柳湘莲	王成	1
王荣	赖大	3
贾宝玉	柳湘莲	3
柳湘莲	秦钟	1
茗烟	贾萍	1
贾宝玉	贾萍	1
王荣	柳湘莲	1
薛蟠	贾敬	2
贾蓉	薛蟠	3
柳湘莲	王夫人	1
贾菱	李嬷嬷	2
薛蟠	李嬷嬷	1
李嬷嬷	薛蟠	1
贾蘅	臻儿	1
贾蘅	李嬷嬷	1
臻儿	李嬷嬷	1
臻儿	薛宝钗	1
莺儿	平儿	1
薛宝钗	平儿	2
贾菱	贾敏	1
入画	贾宝玉	2
贾珠	翡翠	1
翡翠	贾珍	1
贾探春	王信	1
贾芳	李纨	1
王信	贾菱	2
王成	薛蝌	1
薛宝钗	薛蝌	3
薛蝌	李纨	1
李纹	李纨	4
李绮	李纨	6
梅翰林之子	薛宝琴	1
梅翰林之子	薛蝌	1
梅翰林之子	薛蟠	1
梅翰林之子	王仁	1
薛宝琴	薛蝌	1
薛宝琴	薛蟠	1
薛宝琴	王仁	1
薛蝌	薛蟠	3
薛蝌	王仁	1
薛蟠	王仁	1
薛宝琴	王夫人	1
贾迎春	邢岫烟	2
王夫人	邢岫烟	1
李纨	贾敬	1
贾惜春	薛宝琴	4
贾惜春	李纹	1
贾惜春	邢岫烟	1
贾惜春	李绮	1
贾探春	薛宝琴	14
贾探春	邢岫烟	1
贾探春	李绮	1
薛宝琴	贾宝玉	7
薛宝琴	李纹	3
薛宝琴	林黛玉	19
薛宝琴	史湘云	22
薛宝琴	邢岫烟	2
薛宝琴	贾迎春	4
薛宝琴	李绮	4
薛宝琴	薛宝钗	11
薛宝琴	李纨	6
贾宝玉	邢岫烟	1
李纹	史湘云	1
李纹	邢岫烟	3
李纹	贾迎春	2
林黛玉	邢岫烟	1
林黛玉	李绮	1
史湘云	邢岫烟	2
史湘云	李绮	2
邢岫烟	贾迎春	1
邢岫烟	李绮	1
邢岫烟	薛宝钗	1
邢岫烟	李纨	2
贾迎春	李绮	3
李绮	薛宝钗	1
贾菱	李绮	2
薛宝钗	薛宝琴	8
贾珠	薛宝琴	1
莺儿	薛宝琴	1
贾菱	薛宝琴	1
薛宝琴	贾敏	2
薛宝钗	邢岫烟	3
薛宝琴	贾菱	4
贾菱	李纹	1
李绮	李纹	2
林黛玉	薛宝琴	2
王荣	贾探春	1
史鼎	薛宝琴	1
史鼎	李绮	1
史湘云	贾敏	1
史湘云	贾瑞	1
鸳鸯	翡翠	2
鸳鸯	薛宝琴	1
翡翠	薛宝琴	1
翡翠	史湘云	1
妙玉	史湘云	1
袭人	李纨	4
贾兰	薛蟠	1
薛宝琴	王成	1
王成	邢岫烟	1
贾芳	邢岫烟	1
贾宝玉	薛宝琴	12
史湘云	薛宝琴	3
王成	小红	1
袭人	贾瑞	6
袭人	贾珠	1
袭人	金彩	1
王成	笑儿	1
晴雯	李嬷嬷	6
李嬷嬷	麝月	2
袭人	秦业	2
秦钟	麝月	1
秦钟	李嬷嬷	2
王成	李嬷嬷	1
平儿	晴雯	5
平儿	李纹	4
平儿	坠儿	2
坠儿	晴雯	4
晴雯	贾效	1
玻璃	麝月	1
贾宝玉	小螺	1
小螺	薛宝琴	1
赖大	林黛玉	1
云儿	薛宝钗	1
贾探春	赵姨娘	5
林黛玉	赵姨娘	2
檀云	贾宝玉	1
贾宝玉	金彩	1
晴雯	王夫人	10
麝月	王夫人	2
贾宝玉	张若锦	2
贾宝玉	钱启	2
贾宝玉	赵亦华	2
贾宝玉	伴鹤	1
张若锦	钱启	2
张若锦	赵亦华	2
张若锦	李贵	2
张若锦	王荣	2
张若锦	伴鹤	1
张若锦	李嬷嬷	1
张若锦	贾瑞	2
张若锦	锄药	1
张若锦	茗烟	1
钱启	赵亦华	2
钱启	李贵	2
钱启	王荣	2
钱启	伴鹤	1
钱启	李嬷嬷	1
钱启	贾瑞	3
钱启	锄药	1
钱启	茗烟	1
赵亦华	李贵	2
赵亦华	王荣	2
赵亦华	伴鹤	1
赵亦华	李嬷嬷	1
赵亦华	贾瑞	2
赵亦华	锄药	1
赵亦华	茗烟	1
李贵	伴鹤	1
李贵	锄药	1
王荣	伴鹤	1
王荣	李嬷嬷	1
王荣	锄药	1
伴鹤	李嬷嬷	1
伴鹤	贾瑞	1
伴鹤	锄药	1
伴鹤	茗烟	1
李嬷嬷	贾瑞	1
李嬷嬷	锄药	1
李嬷嬷	茗烟	1
贾瑞	锄药	1
锄药	茗烟	1
贾环	张若锦	1
贾环	钱启	1
贾环	赵亦华	1
贾环	李贵	1
贾环	王荣	1
贾环	贾瑞	1
李贵	钱启	1
坠儿	王成	1
坠儿	麝月	2
袭人	坠儿	2
坠儿	李嬷嬷	1
坠儿	李纹	1
王荣	晴雯	1
平儿	秦业	2
晴雯	秦业	1
晴雯	坠儿	1
贾宝玉	坠儿	1
秦业	坠儿	1
秦业	麝月	1
袭人	贾迎春	1
袭人	李绮	1
晴雯	贾迎春	2
晴雯	李纨	1
王夫人	李纹	1
王夫人	李绮	1
王成	兴儿	1
王成	贾蓉	3
王成	尤氏	5
兴儿	贾蓉	3
兴儿	尤氏	2
贾源	贾演	1
贾源	贾蓉	1
贾演	贾蓉	1
贾蓉	李公子	2
贾蓉	乌进孝	1
李公子	乌进孝	1
李公子	贾珍	2
乌进孝	贾珍	3
乌进孝	王成	1
乌进孝	贾蓉	1
贾珍	贾芹	2
贾菱	贾赦	1
贾菱	贾宝玉	2
贾菱	贾琏	2
贾菱	贾敬	2
贾珍	贾琮	3
贾赦	贾宝玉	2
贾赦	贾敬	1
贾宝玉	贾菖	1
贾琏	贾琮	4
贾琏	贾菖	2
贾敬	贾琮	1
贾敬	贾菖	1
贾琮	贾菖	2
贾芷	贾荇	2
贾芷	贾敬	1
贾敬	贾荇	1
贾蓉	贾敬	2
贾蓉	贾芹	1
王荣	贾敬	1
李纨	贾蓉	1
李纨	尤氏	2
贾迎春	李纹	1
薛宝钗	李绮	1
贾菱	贾芹	2
贾环	贾芹	1
贾环	贾琏	2
贾环	贾芸	1
贾环	贾琮	2
贾环	贾菖	1
贾环	贾蓉	2
贾芹	贾琏	1
贾芹	贾菖	2
贾芹	贾蓉	1
贾芸	贾菖	2
贾琮	贾蓉	1
贾菖	贾蓉	1
史太君	贾珍	1
史太君	贾琏	1
史太君	王熙凤	1
史太君	贾效	1
贾珍	贾效	1
贾琏	贾效	1
王熙凤	贾效	1
傅试	李纹	1
李公子	王熙凤	1
尤氏	贾菌	1
尤氏	贾宝玉	3
尤氏	贾兰	1
尤氏	贾蓉	1
尤氏	薛宝钗	4
贾菌	王夫人	1
贾菌	贾宝玉	1
贾菌	贾蓉	1
贾菌	薛宝钗	1
贾菌	李纨	1
王夫人	贾兰	1
贾兰	贾蓉	2
贾兰	薛宝钗	1
贾兰	李纨	2
贾蓉	薛宝钗	1
贾蓉	李纨	1
贾璜	贾琏	1
贾璜	贾琮	1
单大良	林之孝	2
单大良	赖大	1
单大良	吴新登	1
林之孝	赖大	3
林之孝	吴新登	1
吴新登	赵国基	1
吴新登	赵姨娘	1
赵国基	赵姨娘	1
傅试	李纨	1
吴新登	贾探春	1
吴新登	王成	1
赵姨娘	李纨	4
王成	贾环	2
贾探春	贾敬	3
赵国基	贾环	1
平儿	赵姨娘	1
袭人	贾兰	2
李纹	贾宝玉	1
丰儿	贾探春	1
平儿	贾敏	1
贾探春	贾敏	1
薛宝钗	贾敏	1
平儿	赖大	2
王夫人	赵姨娘	2
田妈	贾蘅	1
田妈	贾探春	1
王成	莺儿	1
茗烟	叶妈	1
莺儿	叶妈	2
平儿	叶妈	1
贾蘅	王成	2
袭人	平儿	1
傅试	王夫人	1
傅试	紫鹃	1
雪雁	王夫人	1
紫鹃	贾环	1
贾芳	雪雁	1
赵姨娘	紫鹃	1
贾敏	贾宝玉	1
贾敏	紫鹃	1
王成	紫鹃	2
紫鹃	王夫人	1
晴雯	紫鹃	2
薛蝌	王夫人	1
邢忠	王夫人	1
莺儿	篆儿	1
莺儿	史湘云	1
篆儿	史湘云	1
贾惜春	赵姨娘	1
薛宝琴	贾环	1
薛宝琴	赵姨娘	1
贾菱	赵姨娘	1
贾环	史湘云	1
贾环	林黛玉	1
贾环	薛宝钗	1
贾环	李纨	1
贾迎春	赵姨娘	1
薛宝钗	赵姨娘	2
文官	贾探春	1
文官	葵官	1
文官	薛宝琴	1
文官	尤氏	1
文官	藕官	1
文官	蕊官	1
文官	林黛玉	1
文官	薛宝钗	1
文官	史湘云	1
文官	艾官	1
文官	茄官	1
文官	豆官	1
文官	贾芳	1
贾探春	葵官	1
贾探春	尤氏	7
贾探春	藕官	1
贾探春	蕊官	1
贾探春	艾官	3
贾探春	茄官	1
贾探春	豆官	1
葵官	薛宝琴	2
葵官	尤氏	1
葵官	藕官	3
葵官	蕊官	2
葵官	贾宝玉	1
葵官	林黛玉	1
葵官	薛宝钗	1
葵官	史湘云	3
葵官	艾官	1
葵官	茄官	1
葵官	豆官	2
葵官	贾芳	2
薛宝琴	尤氏	1
薛宝琴	藕官	2
薛宝琴	蕊官	2
薛宝琴	艾官	1
薛宝琴	茄官	1
薛宝琴	豆官	2
薛宝琴	贾芳	2
尤氏	藕官	1
尤氏	蕊官	1
尤氏	史湘云	5
尤氏	艾官	1
尤氏	茄官	1
尤氏	豆官	1
藕官	蕊官	5
藕官	贾宝玉	2
藕官	林黛玉	1
藕官	薛宝钗	1
藕官	史湘云	2
藕官	艾官	1
藕官	茄官	1
藕官	豆官	2
藕官	贾芳	5
蕊官	贾宝玉	2
蕊官	林黛玉	1
蕊官	薛宝钗	1
蕊官	史湘云	2
蕊官	艾官	1
蕊官	茄官	1
蕊官	豆官	3
蕊官	贾芳	10
贾宝玉	艾官	1
贾宝玉	茄官	1
贾宝玉	豆官	1
林黛玉	艾官	1
林黛玉	茄官	1
林黛玉	豆官	1
林黛玉	贾芳	1
薛宝钗	艾官	1
薛宝钗	茄官	1
薛宝钗	豆官	1
薛宝钗	贾芳	2
史湘云	艾官	1
史湘云	茄官	1
史湘云	豆官	2
史湘云	贾芳	2
艾官	茄官	1
艾官	豆官	1
艾官	贾芳	1
茄官	豆官	1
茄官	贾芳	1
豆官	贾芳	2
王荣	北静王	2
贾琏	贾兰	3
贾琮	贾环	3
笑儿	史湘云	1
贾芳	林黛玉	1
贾宝玉	藕官	8
王成	藕官	3
蕊官	藕官	6
贾芳	藕官	5
贾菱	袭人	1
贾菱	贾芳	4
贾芳	史湘云	2
贾芳	晴雯	8
贾芳	麝月	3
王成	贾芳	5
贾芳	菂官	2
秦钟	贾敬	1
玉钏	玻璃	1
玉钏	翡翠	1
王夫人	玻璃	1
王夫人	琥珀	2
王夫人	翡翠	1
鸳鸯	玻璃	1
彩霞	玻璃	1
彩霞	翡翠	1
彩云	玻璃	1
彩云	翡翠	1
玻璃	琥珀	1
玻璃	翡翠	1
琥珀	翡翠	1
鸳鸯	玉钏	2
薛宝钗	贾蔷	1
蕊官	莺儿	4
莺儿	藕官	3
莺儿	贾蘅	1
蕊官	紫鹃	1
藕官	紫鹃	1
林黛玉	藕官	1
莺儿	春燕	8
贾宝玉	春燕	5
王成	春燕	3
春燕	藕官	2
贾芳	小鸠儿	1
莺儿	王成	3
莺儿	王信	1
春燕	王成	1
春燕	贾芳	2
袭人	藕官	3
晴雯	藕官	2
袭人	春燕	2
春燕	林黛玉	1
春燕	麝月	1
平儿	贾蔷	1
袭人	贾蔷	1
王信	春燕	1
贾芳	春燕	1
蕊官	春燕	1
贾芳	贾环	2
半儿	贾环	1
赵姨娘	彩云	1
夏婆子	赵姨娘	1
夏婆子	藕官	1
赵姨娘	藕官	1
王成	夏婆子	1
贾芳	赵姨娘	4
李贵	赵姨娘	1
晴雯	赵姨娘	1
葵官	王信	1
薛宝琴	王信	1
藕官	王信	1
蕊官	王信	1
王信	豆官	1
王信	贾芳	3
豆官	赵姨娘	1
蕊官	葵官	1
豆官	葵官	1
豆官	藕官	1
贾探春	春燕	1
贾探春	晴雯	1
春燕	晴雯	1
贾敬	李纨	1
贾探春	夏婆子	2
夏婆子	艾官	1
柳家的	贾芳	4
柳家的	贾宝玉	4
贾蘅	赵姨娘	1
玻璃	贾芳	1
贾芳	五儿	8
王成	五儿	2
坠儿	贾琏	1
钱槐	赵姨娘	1
柳家的	五儿	3
王成	钱槐	1
钱槐	五儿	1
柳家的	钱槐	1
柳家的	平儿	2
贾迎春	莲花	1
莲花	司棋	1
柳家的	李贵	1
司棋	莲花	1
王狗	司棋	1
司棋	王成	5
林之孝	五儿	2
林之孝	玉钏	1
莲花	小蝉	1
玉钏	贾琏	1
林之孝	平儿	3
贾探春	五儿	1
五儿	李纨	1
贾探春	贾兰	1
平儿	林之孝	2
平儿	贾芳	4
平儿	五儿	2
晴雯	彩云	1
晴雯	贾环	1
玉钏	王成	1
王成	彩云	1
秦业	彩云	1
柳家的	林之孝	1
李婶娘	司棋	1
贾菱	林之孝	1
贾菱	平儿	1
林之孝	史湘云	1
史湘云	平儿	1
柳家的	贾探春	1
柳家的	李纨	2
王信	彩云	1
王信	赵姨娘	1
玉钏	赵姨娘	1
彩云	赵姨娘	1
入画	翠缕	1
入画	绣鸾	1
入画	邢岫烟	1
入画	小螺	1
入画	篆儿	1
翠缕	绣鸾	1
翠缕	邢岫烟	1
翠缕	小螺	1
翠缕	篆儿	1
翠缕	巧姐	1
绣鸾	邢岫烟	1
绣鸾	小螺	1
绣鸾	翠墨	1
绣鸾	篆儿	1
绣鸾	巧姐	1
邢岫烟	小螺	1
邢岫烟	翠墨	1
邢岫烟	篆儿	1
邢岫烟	巧姐	1
小螺	翠墨	1
小螺	篆儿	1
小螺	巧姐	1
翠墨	篆儿	1
翠墨	巧姐	1
篆儿	巧姐	1
贾探春	袭人	1
贾探春	柳家的	1
林黛玉	柳家的	1
柳家的	薛宝钗	1
贾宝玉	薛蝌	2
薛蝌	薛宝琴	1
袭人	蕊官	2
贾菱	晴雯	1
贾菱	藕官	2
贾菱	蕊官	2
贾菱	麝月	2
晴雯	蕊官	1
晴雯	素云	1
晴雯	贾芳	3
藕官	素云	1
藕官	麝月	1
蕊官	素云	1
蕊官	麝月	1
素云	贾芳	1
平儿	薛宝琴	1
贾惜春	玉钏	1
玉钏	贾菱	1
玉钏	史湘云	1
玉钏	贾迎春	1
袭人	尤氏	3
尤氏	彩云	1
彩云	李纨	1
司棋	晴雯	3
司棋	小螺	1
晴雯	小螺	1
莺儿	小螺	2
紫鹃	小螺	1
王成	薛宝琴	1
尤氏	鸳鸯	2
王成	鸳鸯	1
莺儿	晴雯	1
莺儿	笑儿	1
小螺	晴雯	1
小螺	笑儿	1
晴雯	笑儿	1
林黛玉	彩云	1
林之孝	贾探春	3
林之孝	王夫人	1
史湘云	秦业	1
琥珀	史湘云	1
秦钟	贾环	1
贾宝玉	五儿	3
贾菱	小螺	1
藕官	小螺	1
蕊官	小螺	1
小螺	贾芳	1
碧痕	四儿	1
碧痕	贾芳	1
四儿	贾芳	2
林之孝	袭人	1
四儿	麝月	1
薛宝琴	翠墨	1
翠墨	李纨	1
贾菱	贾探春	1
史湘云	麝月	1
晴雯	贾菱	1
李贵	贾探春	1
妙玉	贾芳	1
妙玉	晴雯	2
妙玉	袭人	1
妙玉	四儿	1
袭人	四儿	1
四儿	晴雯	1
贾宝玉	葵官	1
王成	葵官	1
贾芳	葵官	1
尤氏	佩凤	6
贾菱	尤氏	1
贾宝玉	佩凤	2
贾菱	佩凤	1
尤氏	贾琏	4
王荣	李纨	1
贾珖	贾菱	1
贾珖	贾菖	1
王信	贾蓉	6
王仁	贾敬	1
贾珖	贾珍	1
尤二姐	贾蓉	3
尤二姐	王仁	1
贾蓉	王仁	1
尤二姐	王成	3
尤二姐	李贵	1
贾蓉	李贵	1
王成	李贵	1
袭人	贾蓉	1
袭人	茗烟	1
贾珍	茗烟	1
贾珍	王信	1
贾珍	贾芳	1
雪雁	贾芳	1
贾珍	尤老娘	3
贾珍	俞禄	2
贾蓉	俞禄	3
贾琏	俞禄	3
尤二姐	贾琏	10
尤二姐	贾敬	1
尤二姐	尤老娘	1
贾琏	尤老娘	6
俞禄	贾珍	1
李公子	贾琏	1
李公子	张华	1
贾琏	张华	4
贾珍	张华	3
尤老娘	张华	2
尤老娘	尤二姐	1
尤二姐	张华	1
王信	尤老娘	1
鲍二家的	贾珍	1
贾琏	隆儿	2
贾珍	隆儿	1
寿儿	喜儿	2
秦钟	喜儿	1
鲍二家的	王成	1
寿儿	隆儿	2
隆儿	喜儿	1
王狗	贾琏	2
兴儿	贾琏	3
兴儿	贾珍	4
兴儿	隆儿	1
尤二姐	兴儿	3
王荣	兴儿	1
尤二姐	贾宝玉	2
尤二姐	王信	1
贾宝玉	兴儿	1
兴儿	王信	1
柳湘莲	贾琏	1
尤二姐	贾萍	1
李贵	王信	2
鸳鸯	贾琏	6
茗烟	贾琏	2
鸳鸯	柳湘莲	1
柳湘莲	贾环	1
柳湘莲	薛宝钗	1
柳湘莲	贾珍	1
李贵	薛宝钗	1
莺儿	贾琏	1
薛宝钗	贾琏	1
贾琏	晴雯	1
丰儿	袭人	1
兴儿	喜儿	1
兴儿	张华	1
兴儿	柳湘莲	1
兴儿	贾敬	1
鲍二家的	尤二姐	1
尤二姐	平儿	1
贾瑞	贾环	1
贾珠	贾环	1
尤二姐	秦业	1
贾蓉	张华	5
庆儿	王信	1
贾蓉	王子腾	1
贾蓉	秦业	1
张华	贾葛	1
王信	张华	1
王成	张华	1
秋桐	贾赦	2
秋桐	贾琏	6
秋桐	王夫人	3
秋桐	平儿	3
平儿	贾赦	1
秋桐	尤二姐	2
秋桐	王成	1
王荣	贾琏	2
秋桐	王狗	1
王狗	尤二姐	1
贾琏	尤二姐	1
尤二姐	天文生	1
史湘云	贾琏	1
尤二姐	柳湘莲	1
尤二姐	五儿	1
柳湘莲	五儿	1
贾芳	翠缕	1
贾蘅	王信	1
保宁侯之子	王子腾	1
秦钟	紫鹃	1
贾探春	紫鹃	1
鸳鸯	贾政	2
史太君	王夫人	1
贾元春	贾珠	1
林之孝	贾瑞	2
林之孝	佩凤	1
北静王	尤氏	1
王狗	王信	1
袭人	薛宝琴	1
尤氏	薛宝琴	2
林之孝	赵姨娘	1
四姐	贾琼	1
四姐	喜鸾	4
贾琼	喜鸾	1
四姐	尤氏	1
尤氏	喜鸾	1
鸳鸯	来旺	1
鸳鸯	王熙凤	1
来旺	王成	1
来旺	王熙凤	1
王成	王熙凤	1
平儿	朱大娘	2
鸳鸯	朱大娘	1
贾琏	彩霞	1
赵姨娘	小霞	1
彩霞	赵姨娘	1
小鹊	赵姨娘	1
小鹊	贾宝玉	1
贾宝玉	小鹊	1
小鹊	晴雯	1
小鹊	王信	1
晴雯	王信	1
玻璃	晴雯	2
林之孝	贾迎春	1
傻大姐	王夫人	2
王狗	王夫人	2
王信	司棋	1
贾迎春	平儿	1
贾探春	平儿	1
柳家的	王信	1
柳家的	玻璃	1
柳家的	晴雯	1
王信	玻璃	1
王信	晴雯	1
李贵	平儿	1
翠云	嫣红	1
王成	佩凤	1
佩凤	贾珍	5
来旺	贾瑞	1
来旺	来喜家的	1
贾瑞	来喜家的	1
王善保家的	王夫人	3
袭人	贾敏	1
麝月	贾敏	1
贾宝玉	王善保家的	2
薛宝钗	王善保家的	1
贾探春	王善保家的	2
王成	王善保家的	1
王狗	贾探春	1
平儿	王善保家的	1
司棋	王善保家的	2
司棋	李嬷嬷	1
司棋	王夫人	2
贾惜春	尤氏	4
入画	尤氏	1
素云	李纨	1
炒豆	尤氏	1
尤氏	贾环	1
尤氏	李嬷嬷	1
尤氏	银蝶	3
李嬷嬷	银蝶	1
王狗	李公子	1
王狗	李纨	1
贾珍	贾兰	2
邢德全	王夫人	2
李贵	邢德全	1
贾演	贾敬	1
文花	佩凤	1
文花	贾珍	1
傅试	贾珍	1
尤氏	贾赦	2
尤氏	琥珀	1
尤氏	贾政	1
贾赦	鸳鸯	1
贾赦	琥珀	1
琥珀	贾政	1
贾赦	贾环	1
尤氏	四儿	1
翠缕	秦钟	1
贾兰	林黛玉	1
贾琼	史湘云	1
贾菌	史湘云	1
翠缕	李嬷嬷	1
王善保家的	贾瑞	1
司棋	贾赦	1
贾迎春	贾赦	2
贾宝玉	司棋	1
司棋	贾宝玉	2
入画	贾瑞	1
王善保家的	晴雯	1
四儿	李嬷嬷	1
王成	四儿	1
四儿	王夫人	1
赖大	晴雯	1
智通	王夫人	1
蕊官	智通	1
贾芳	智通	1
藕官	智通	1
晴雯	贾蓉	1
晴雯	李公子	1
王夫人	李公子	1
王夫人	贾芳	1
李公子	贾芳	1
司棋	薛宝钗	1
司棋	贾芳	1
入画	贾芳	1
薛宝钗	贾迎春	1
贾迎春	贾芳	1
王成	贾敏	1
贾演	王信	1
王信	贾敷	1
贾兰	秦业	1
秦业	贾环	1
贾宝玉	贾藻	1
贾蓉	晴雯	3
史鼎	贾环	1
贾芳	鹦鹉	1
王信	李公子	1
贾迎春	晴雯	2
李公子	林黛玉	1
李嬷嬷	贾赦	1
贾宝玉	孙绍祖	1
贾琏	贾菱	1
李贵	贾菱	1
王成	贾迎春	1
傅试	夏金桂	1
李绮	邢岫烟	1
贾探春	麝月	2
王信	麝月	1
贾代儒	贾宝玉	4